18
0 1 0 6
1 -1 -1 1
0 0 0 0
1 0 1

10 11 0 6
-1 1 -1 1
0 0 0 0
1 0 1

1 10 5 6
-1 -1 -1 1
0 0 0 0
1 0 1

1 2 0 4
-1 -1 -1 -1
0 0 0 0
1000 0 2

1 10 4 5
-1 -1 -1 -1
0 0 0 0
1000 0 2

5 6 1 4
-1 -1 -1 -1
0 0 0 0
1000 0 2

9 10 0 4
-1 -1 -1 -1
0 0 0 0
1000 0 2

3 4 2 3
-1 -1 -1 -1
0 0 0 0
1 1.e6 3

7 8 2 3
-1 -1 -1 -1
0 0 0 0
1 -1.e6 4

2 9 0 1
-1 -1 -1 -1
0 0 0 0
1 0 1

2 5 1 2
-1 -1 -1 -1
0 0 0 0
1 0 1

2 3 2 3
-1 -1 -1 -1
0 0 0 0
1 0 1

4 5 2 3
-1 -1 -1 -1
0 0 0 0
1 0 1

3 4 3 4
-1 -1 -1 -1
0 0 0 0
1 0 1

6 9 1 2
-1 -1 -1 -1
0 0 0 0
1 0 1

6 7 2 3
-1 -1 -1 -1
0 0 0 0
1 0 1

8 9 2 3
-1 -1 -1 -1
0 0 0 0
1 0 1

7 8 3 4
-1 -1 -1 -1
0 0 0 0
1 0 1



1. количество подобластей

	для каждой подобласти:
	1.	номер левого, правого x 
		номер нижнего, верхнего y
	2.	краевые условия на левой, правой, нижней, верхней грани
	3.	номер формулы для их вычисления
	4.	мю, Jz, номер материала