Az:
-0.00000000000000
0.00000023147550
0.00000046284239
0.00000069398939
0.00000092479985
0.00000115514911
0.00074980362640
0.00136993107499
0.00188141902721
0.00230203276837
0.00264717926786
0.00292998948202
0.00316151957917
0.00335099452150
0.00334959405363
0.00334499663281
0.00333704007542
0.00332542926273
0.00330969035589
0.00328908586604
0.00326245453972
0.00322789157789
0.00318203955371
0.00310303802898
0.00299641786179
0.00285749172530
0.00265521891532
0.00241212639759
0.00217104254874
0.00192978822538
0.00168849098421
0.00144715460075
0.00120578696421
0.00096439444929
0.00072298270280
0.00048155689053
0.00024012187010
-0.00000131768587
-0.00024275719208
-0.00048419206396
-0.00072561763101
-0.00096702903915
-0.00120842112754
-0.00144978825573
-0.00169112405671
-0.00193242065033
-0.00217367427140
-0.00241475737417
-0.00265784912691
-0.00286012093109
-0.00299904573466
-0.00310566341945
-0.00318466033210
-0.00323050727750
-0.00326506438724
-0.00329168946185
-0.00331228770717
-0.00332802078589
-0.00333962656936
-0.00334757922552
-0.00335217412612
-0.00335357361430
-0.00316390127021
-0.00293213868285
-0.00264905836498
-0.00230360375040
-0.00188264628287
-0.00137078337066
-0.00075025141019
-0.00000115576442
-0.00000086758714
-0.00000057874694
-0.00000028947848
0.00000000000000
0.00000000000000
0.00000023152936
0.00000046295145
0.00000069415631
0.00000092502867
0.00000115544518
0.00075004155217
0.00137040389330
0.00188214075030
0.00230302211580
0.00264845552394
0.00293157084240
0.00316342192183
0.00335323011772
0.00335186530486
0.00334737867404
0.00333962275197
0.00332833155968
0.00331308423432
0.00329324019807
0.00326782421937
0.00323531537054
0.00319324942390
0.00312473940821
0.00304334503458
0.00293121097411
0.00265151405934
0.00241237869639
0.00217107526366
0.00192982273362
0.00168851841507
0.00144717680239
0.00120580467576
0.00096440816472
0.00072299274498
0.00048156346894
0.00024012511131
-0.00000131772190
-0.00024276050484
-0.00048419871238
-0.00072562774064
-0.00096704281847
-0.00120843889842
-0.00144981051113
-0.00169115153481
-0.00193245519835
-0.00217370701772
-0.00241500969632
-0.00265414426226
-0.00293384058688
-0.00304597386997
-0.00312736578135
-0.00319587100988
-0.00323793164577
-0.00327043436421
-0.00329584378930
-0.00331568127767
-0.00333092249153
-0.00334220841081
-0.00334996024428
-0.00335444423673
-0.00335580802906
-0.00316580160242
-0.00293371719635
-0.00265033103138
-0.00230458901213
-0.00188336386818
-0.00137125264749
-0.00075048718062
-0.00000115605668
-0.00000086779712
-0.00000057888254
-0.00000028954497
0.00000000000000
0.00000000000000
0.00000023164473
0.00000046318507
0.00000069451394
0.00000092551896
0.00000115607971
0.00075055187071
0.00137141796078
0.00188368819938
0.00230514211776
0.00265118783164
0.00293495225999
0.00316748375789
0.00335799558247
0.00335670433724
0.00335244584373
0.00334510143601
0.00333446160853
0.00332020648493
0.00330187589638
0.00327882906642
0.00325020661090
0.00321494942204
0.00316371505447
0.00311631145888
0.00310571535792
0.00277407168501
0.00249631697823
0.00223601621064
0.00198180020332
0.00173070129777
0.00148136979358
0.00123312719929
0.00098558725834
0.00073850965318
0.00049173223070
0.00024513618538
-0.00000137390363
-0.00024788314713
-0.00049447665770
-0.00074124986214
-0.00098832157766
-0.00123585397733
-0.00148408741005
-0.00173340817831
-0.00198449483639
-0.00223869716403
-0.00249898290621
-0.00277672132202
-0.00310834719132
-0.00311894260039
-0.00316634363937
-0.00321757280364
-0.00325282416314
-0.00328143987075
-0.00330447947873
-0.00332280284839
-0.00333705123381
-0.00334768524932
-0.00335502515420
-0.00335928074818
-0.00336057088263
-0.00316985902454
-0.00293709238498
-0.00265305550358
-0.00230670011345
-0.00188490231895
-0.00137225902524
-0.00075099282469
-0.00000115668296
-0.00000086824697
-0.00000057917301
-0.00000028968737
0.00000000000000
0.00000000000000
0.00000023182364
0.00000046354740
0.00000069506874
0.00000092627978
0.00000115706466
0.00075134517798
0.00137299422257
0.00188609237306
0.00230843247840
0.00265542187594
0.00294018129776
0.00317374923159
0.00336532548632
0.00336414107654
0.00336021274999
0.00335345989796
0.00334374625694
0.00333087913176
0.00331461592383
0.00329469526277
0.00327093999053
0.00324358432733
0.00320901306657
0.00318695338100
0.00317949845668
0.00286396399141
0.00257136994388
0.00229680629120
0.00203165908842
0.00177168770692
0.00151484691370
0.00126000552794
0.00100648634921
0.00075385197050
0.00050179883407
0.00025009962783
-0.00000143110732
-0.00025296019632
-0.00050465446648
-0.00075669938522
-0.00100932228224
-0.00126282674745
-0.00151765024132
-0.00177447004608
-0.00203441745889
-0.00229953786557
-0.00257407207771
-0.00286663420769
-0.00318213440149
-0.00318958853918
-0.00321164534835
-0.00324621067573
-0.00327355964699
-0.00329730715377
-0.00331721949470
-0.00333347438246
-0.00334633374149
-0.00335604068664
-0.00336278835658
-0.00336671335542
-0.00336789650650
-0.00317611734641
-0.00294231139073
-0.00265727698183
-0.00230997624985
-0.00188729215719
-0.00137382306989
-0.00075177872091
-0.00000115765491
-0.00000086894482
-0.00000057962346
-0.00000028990817
-0.00000000000000
0.00000000000000
0.00000023206427
0.00000046403483
0.00000069581531
0.00000092730403
0.00000115839132
0.00075241613036
0.00137512198462
0.00188933563104
0.00231286501504
0.00266111327528
0.00294718989335
0.00318211776864
0.00337507723911
0.00337402362871
0.00337049760683
0.00336445891272
0.00335584683690
0.00334459419648
0.00333065930911
0.00331409754514
0.00329522131518
0.00327493992249
0.00325235702474
0.00323919152429
0.00323526871867
0.00292721798478
0.00263286476950
0.00235077614284
0.00207763874152
0.00181032569376
0.00154683241186
0.00128590851016
0.00102674139959
0.00076877660514
0.00051161365637
0.00025494377495
-0.00000149005284
-0.00025792142806
-0.00051458395367
-0.00077173465106
-0.00102968231728
-0.00128882746112
-0.00154972462651
-0.00181318651438
-0.00208046367719
-0.00235356093348
-0.00263560545145
-0.00292991095428
-0.00323791080633
-0.00324183267718
-0.00325499477107
-0.00327757062602
-0.00329784405439
-0.00331671102865
-0.00333326286839
-0.00334718782867
-0.00335843120377
-0.00336703529501
-0.00337306781687
-0.00337658988700
-0.00337764202322
-0.00318447563051
-0.00294930572797
-0.00266295063047
-0.00231438879588
-0.00189051536008
-0.00137593380889
-0.00075283937860
-0.00000115896364
-0.00000086988390
-0.00000058022930
-0.00000029020503
0.00000000000000
0.00000000000000
0.00000023236370
0.00000046464156
0.00000069674504
0.00000092858031
0.00000116004558
0.00075375579381
0.00137778359733
0.00189338971153
0.00231839643213
0.00266819682018
0.00295588204829
0.00319245246064
0.00338706258732
0.00338615335043
0.00338306880727
0.00337780511980
0.00337036728958
0.00336079077093
0.00334918298692
0.00333580040658
0.00332118475435
0.00330638726739
0.00329101422318
0.00328257711771
0.00328003875862
0.00297726153646
0.00268307322417
0.00239744620479
0.00211898625316
0.00184594062728
0.00157679716856
0.00131043957990
0.00104606467276
0.00078308420575
0.00052105110439
0.00025960764180
-0.00000155148280
-0.00026270734315
-0.00052414101283
-0.00078615779471
-0.00104911542770
-0.00131346102071
-0.00157978288817
-0.00184888434926
-0.00212188190951
-0.00240028803287
-0.00268585588111
-0.00297998023140
-0.00328268940889
-0.00328522662430
-0.00329365957201
-0.00330902401577
-0.00332381176812
-0.00333841609962
-0.00335178653685
-0.00336338217285
-0.00337294735505
-0.00338037542078
-0.00338563156867
-0.00338871129847
-0.00338961876386
-0.00319479645334
-0.00295797880760
-0.00267001061623
-0.00231989385789
-0.00189454315880
-0.00137857323105
-0.00075416567658
-0.00000116059484
-0.00000087105334
-0.00000058098324
-0.00000029057430
0.00000000000000
0.00000000000000
0.00000023271790
0.00000046535951
0.00000069784588
0.00000093009269
0.00000116200768
0.00075535159289
0.00138095453979
0.00189821628020
0.00232496984757
0.00267658973971
0.00296613990321
0.00320459033277
0.00340106371103
0.00340030250196
0.00339766764910
0.00339318372202
0.00338690447341
0.00337893519632
0.00336947086333
0.00335885617863
0.00334767003746
0.00333680644217
0.00332600864442
0.00332025739385
0.00331850625653
0.00301909536329
0.00272543416635
0.00243783997517
0.00215578989350
0.00187833948573
0.00160448860358
0.00133336511572
0.00106426605271
0.00079663368511
0.00053001850280
0.00026404512223
-0.00000161616228
-0.00026727336776
-0.00053323450650
-0.00079982927363
-0.00106743304666
-0.00133649535119
-0.00160757397620
-0.00188137202196
-0.00215876185202
-0.00244074397979
-0.00272826337055
-0.00302184364607
-0.00332116844888
-0.00332291816255
-0.00332866423951
-0.00333945133275
-0.00335030280749
-0.00336147484928
-0.00337207440799
-0.00338152360893
-0.00338947876762
-0.00339574586143
-0.00340022041299
-0.00340284929579
-0.00340360833450
-0.00320691614196
-0.00296821198307
-0.00267837335031
-0.00232643378325
-0.00189933657858
-0.00138171636864
-0.00075574481292
-0.00000116252854
-0.00000087243802
-0.00000058187512
-0.00000029101086
0.00000000000000
0.00000000000000
0.00000023312161
0.00000046617824
0.00000069910222
0.00000093182050
0.00000116425201
0.00075718727151
0.00138460356438
0.00190376764433
0.00233251664615
0.00268619548218
0.00297783046068
0.00321835320305
0.00341684948322
0.00341623168525
0.00341402945749
0.00341028622020
0.00340508581036
0.00339857107204
0.00339097210669
0.00338264365496
0.00337410334438
0.00336604759748
0.00335826009898
0.00335417437611
0.00335289455649
0.00305555621898
0.00276222281653
0.00247328420954
0.00218859747975
0.00190767575877
0.00162988919498
0.00135460514595
0.00108125426547
0.00080934591818
0.00053845934592
0.00026822677137
-0.00000168487725
-0.00027159163327
-0.00054180951755
-0.00081267156893
-0.00108454552493
-0.00135785211919
-0.00163308200788
-0.00191080464020
-0.00219165288561
-0.00247625699208
-0.00276510443971
-0.00305833901816
-0.00335557203739
-0.00335685006501
-0.00336092926883
-0.00336870327452
-0.00337674374049
-0.00338526627303
-0.00339357565136
-0.00340115553677
-0.00340765247691
-0.00341283757063
-0.00341656900455
-0.00341876373296
-0.00341937883359
-0.00322065559137
-0.00297987123486
-0.00268794123830
-0.00233393899361
-0.00190484714377
-0.00138533144108
-0.00075756026776
-0.00000116473885
-0.00000087401837
-0.00000058289180
-0.00000029150813
0.00000000000000
-0.00000000000000
0.00000023356833
0.00000046708478
0.00000070049473
0.00000093373813
0.00000116674679
0.00075924285034
0.00138869286148
0.00190998754088
0.00234095846225
0.00269690760761
0.00299081219904
0.00323355782892
0.00343418982824
0.00343370482863
0.00343190035110
0.00342882968707
0.00342459037424
0.00341933728414
0.00341330017468
0.00340680240574
0.00340027265962
0.00339423562976
0.00338849890030
0.00338550312606
0.00338452664035
0.00308832173815
0.00279498866828
0.00250489840940
0.00221807544837
0.00193428439161
0.00165313984108
0.00137419935381
0.00109702242404
0.00082119801704
0.00054635128085
0.00027213923474
-0.00000175843054
-0.00027565039847
-0.00054984532795
-0.00082466346028
-0.00110044768183
-0.00137757275191
-0.00165644965283
-0.00193751892610
-0.00222122319437
-0.00250794824024
-0.00279793010969
-0.00309114529651
-0.00338722418309
-0.00338819839635
-0.00339118588751
-0.00339690546541
-0.00340292306709
-0.00340943020837
-0.00341590372521
-0.00342191657605
-0.00342714704149
-0.00343136689212
-0.00343442256906
-0.00343621754214
-0.00343669915403
-0.00323583035608
-0.00299281373539
-0.00269860653466
-0.00234232994429
-0.00191101765724
-0.00138938002101
-0.00075959176450
-0.00000116719376
-0.00000087577015
-0.00000058401701
-0.00000029205792
0.00000000000000
-0.00000000000000
0.00000023405024
0.00000046806352
0.00000070200012
0.00000093581474
0.00000116945385
0.00076149456294
0.00139317819751
0.00191681189660
0.00235020908918
0.00270861341882
0.00300494094947
0.00325002438682
0.00345286688024
0.00345250043319
0.00345104851405
0.00344856714034
0.00344515538133
0.00344096320915
0.00343620049443
0.00343114377950
0.00342613513177
0.00342156585070
0.00341726517405
0.00341501200808
0.00341423952601
0.00311846726211
0.00282479820314
0.00253355918992
0.00224484459667
0.00195855644532
0.00167446449704
0.00139226503615
0.00111162547089
0.00083221157680
0.00055370029943
0.00027578287594
-0.00000183763489
-0.00027945166410
-0.00055734960075
-0.00083582826699
-0.00111519625025
-0.00139577640777
-0.00167790279293
-0.00196190791326
-0.00224809555882
-0.00253669628140
-0.00282780869456
-0.00312133946393
-0.00341696326464
-0.00341773285001
-0.00341997543157
-0.00342425417985
-0.00342879861706
-0.00343377835666
-0.00343880405677
-0.00344353575052
-0.00344769899593
-0.00345108587949
-0.00345354810972
-0.00345498790724
-0.00345535006612
-0.00325225905754
-0.00300689366397
-0.00271025492826
-0.00235151900807
-0.00191778295353
-0.00139381717674
-0.00076181521209
-0.00000116985480
-0.00000087766425
-0.00000058523119
-0.00000029265042
-0.00000000000000
-0.00000000000000
0.00000023455810
0.00000046909607
0.00000070359093
0.00000093801402
0.00000117232821
0.00076391475049
0.00139800897460
0.00192416945620
0.00236017612836
0.00272119702964
0.00302007460828
0.00326758277405
0.00347268248230
0.00347241876915
0.00347127022643
0.00346929068628
0.00346657300701
0.00346325288518
0.00345951212441
0.00345557880931
0.00345172096362
0.00344823031060
0.00344495695870
0.00344322473633
0.00344259395647
0.00314671654690
0.00285240425339
0.00255993684946
0.00226943342197
0.00198087042761
0.00169411461123
0.00140895943429
0.00112515658238
0.00084243867342
0.00056053303611
0.00027916838752
-0.00000192330150
-0.00028300776222
-0.00056435065995
-0.00084621983393
-0.00112888627780
-0.00141262231534
-0.00169769498092
-0.00198435231603
-0.00227280075139
-0.00256317370257
-0.00285549525224
-0.00314964734260
-0.00344535181933
-0.00344597889264
-0.00344769753521
-0.00345094273702
-0.00345440149066
-0.00345822221559
-0.00346211570436
-0.00346581663315
-0.00346909961721
-0.00347178536860
-0.00347374035083
-0.00347487336324
-0.00347513161639
-0.00326976959289
-0.00302196684162
-0.00272276855655
-0.00236141209750
-0.00192507052345
-0.00139859154112
-0.00076420260888
-0.00000117267677
-0.00000087966637
-0.00000058651131
-0.00000029327405
-0.00000000000000
-0.00000000000000
0.00000023508120
0.00000047016106
0.00000070523531
0.00000094029382
0.00000117531774
0.00076647169326
0.00140312815851
0.00193198217840
0.00237076221967
0.00273454165998
0.00303607647216
0.00328607663809
0.00349346225372
0.00349328544288
0.00349239173725
0.00349082991026
0.00348868252844
0.00348606707482
0.00348313586107
0.00348007304761
0.00347708689498
0.00347439582869
0.00347186916665
0.00347051015558
0.00346998003550
0.00317357493459
0.00287834964361
0.00258454161922
0.00229227401022
0.00200156295162
0.00171233545768
0.00142445178346
0.00113772699359
0.00085194855132
0.00056688885820
0.00028231314046
-0.00000201622312
-0.00028633767303
-0.00057088955200
-0.00085590919716
-0.00114163093964
-0.00142828182421
-0.00171607379122
-0.00200519122694
-0.00229577348621
-0.00258789345462
-0.00288153533176
-0.00317657688797
-0.00347278231154
-0.00347330767473
-0.00347464921028
-0.00347713962558
-0.00347978960848
-0.00348272794880
-0.00348573946405
-0.00348861937450
-0.00349118700062
-0.00349329327383
-0.00349482349534
-0.00349569723470
-0.00349586706175
-0.00328820304407
-0.00303789397059
-0.00273602823856
-0.00237190986927
-0.00193280091264
-0.00140364525499
-0.00076672188681
-0.00000117560731
-0.00000088173681
-0.00000058783067
-0.00000029391541
0.00000000000000
-0.00000000000000
0.00000023560725
0.00000047123399
0.00000070689668
0.00000094260577
0.00000117836265
0.00076912935711
0.00140847202217
0.00194016530796
0.00238186572842
0.00274853103767
0.00305281716789
0.00330536534287
0.00351505687142
0.00351495214770
0.00351426832042
0.00351304779188
0.00351136134219
0.00350930769198
0.00350701171700
0.00350462029674
0.00350229484386
0.00350020003385
0.00349822201160
0.00349713421320
0.00349667665112
0.00319940448874
0.00290303216591
0.00260776184935
0.00231371203051
0.00202091945043
0.00172934855840
0.00143890514161
0.00114945089647
0.00086081662323
0.00057281287104
0.00028523782590
-0.00000211714992
-0.00028946361966
-0.00057701300826
-0.00086497354831
-0.00115354641214
-0.00144292022474
-0.00173326325327
-0.00202471286732
-0.00231736247903
-0.00261124713551
-0.00290633007713
-0.00320249348045
-0.00349953673231
-0.00349998817460
-0.00350105343065
-0.00350298466966
-0.00350502644141
-0.00350729016257
-0.00350961534800
-0.00351184508358
-0.00351383698855
-0.00351547037791
-0.00351665012767
-0.00351730821606
-0.00351740397460
-0.00330741549008
-0.00305454244730
-0.00274991480778
-0.00238290838948
-0.00194088780567
-0.00140891373482
-0.00076933667514
-0.00000117858645
-0.00000088383004
-0.00000058915868
-0.00000029455912
0.00000000000000
-0.00000000000000
0.00000023612225
0.00000047228697
0.00000070853348
0.00000094489489
0.00000118139492
0.00077184703397
0.00141396965426
0.00194862704175
0.00239338079525
0.00276304985865
0.00307017527196
0.00332532424539
0.00353734136044
0.00353729549991
0.00353678171874
0.00353583576986
0.00353451674200
0.00353290587988
0.00353110415240
0.00352922798161
0.00352740268656
0.00352575357892
0.00352418098863
0.00352329183632
0.00352288695526
0.00322446899652
0.00292674613720
0.00262989262266
0.00233401953699
0.00203917399996
0.00174534381886
0.00145246571993
0.00116043517905
0.00086911624459
0.00057835034684
0.00028796368531
-0.00000222675674
-0.00029240823410
-0.00058276781320
-0.00087348795556
-0.00116474157012
-0.00145668605336
-0.00174945598552
-0.00204315443948
-0.00233784331610
-0.00263353371435
-0.00293017794052
-0.00322766512653
-0.00352582231225
-0.00352621930374
-0.00352707932065
-0.00352859140963
-0.00353017190910
-0.00353191733998
-0.00353370781602
-0.00353542384456
-0.00353695483024
-0.00353820523038
-0.00353909845475
-0.00353957898192
-0.00353961329988
-0.00332727808748
-0.00307178684210
-0.00276430949930
-0.00239429917196
-0.00194923771872
-0.00141432521652
-0.00077200596316
-0.00000118154610
-0.00000088589435
-0.00000059046057
-0.00000029518771
-0.00000000000000
-0.00000000000000
0.00000023661045
0.00000047328854
0.00000071009873
0.00000094709902
0.00000118433771
0.00077457885751
0.00141954218714
0.00195726771663
0.00240519667819
0.00277798329879
0.00308803677120
0.00334584369173
0.00356021313821
0.00356021475086
0.00355983687393
0.00355910890846
0.00355807916151
0.00355681347947
0.00355539280207
0.00355390929083
0.00355246083718
0.00355114405110
0.00354987088848
0.00354912729736
0.00354876061212
0.00324896208494
0.00294970953696
0.00265115638964
0.00235340663414
0.00205651261123
0.00176047688659
0.00146525715418
0.00117077293818
0.00087691299374
0.00058354261372
0.00029051040363
-0.00000234559998
-0.00029519236495
-0.00058819661122
-0.00088151956740
-0.00117531143374
-0.00146970531549
-0.00176481053151
-0.00206070543322
-0.00235743018217
-0.00265498028771
-0.00295330200682
-0.00325229082731
-0.00355179407853
-0.00355215057412
-0.00355285644548
-0.00355405123405
-0.00355527911723
-0.00355662406421
-0.00355799650266
-0.00355930610315
-0.00356046826664
-0.00356140909248
-0.00356206876665
-0.00356240360033
-0.00356238709062
-0.00334767581829
-0.00308950819656
-0.00277909339159
-0.00240596852730
-0.00195774923506
-0.00141980003241
-0.00077468364352
-0.00000118440943
-0.00000088787141
-0.00000059169716
-0.00000029578152
0.00000000000000
-0.00000000000000
0.00000023705413
0.00000047420340
0.00000071153971
0.00000094914834
0.00000118710458
0.00077727317898
0.00142510170383
0.00196597845468
0.00241719632583
0.00279321558047
0.00310629350829
0.00336682708308
0.00358358939631
0.00358362896455
0.00358335851937
0.00358280162196
0.00358199696294
0.00358099719541
0.00357986686446
0.00357867918161
0.00357751154256
0.00357643993332
0.00357538565496
0.00357474760592
0.00357440821850
0.00327302527412
0.00297208192131
0.00267171749118
0.00237203081884
0.00207307725855
0.00177486894429
0.00147737766344
0.00118053955470
0.00088426086712
0.00058842416780
0.00029289459258
-0.00000247406309
-0.00029783345182
-0.00059333491064
-0.00088912370303
-0.00118533314648
-0.00148207856222
-0.00177945109776
-0.00207751164085
-0.00237628524930
-0.00267575672759
-0.00297586812580
-0.00327651894859
-0.00357756968278
-0.00357789588935
-0.00357848503523
-0.00357943763686
-0.00358039386443
-0.00358142713425
-0.00358247060644
-0.00358345672215
-0.00358432210752
-0.00358501136588
-0.00358547967156
-0.00358569431501
-0.00358563548187
-0.00336850524637
-0.00310759228554
-0.00279414591761
-0.00241779617516
-0.00196631172697
-0.00142524958349
-0.00077731792137
-0.00000118709019
-0.00000088969581
-0.00000059282453
-0.00000029631850
0.00000000000000
0.00000000000000
0.00000023743357
0.00000047499218
0.00000071279757
0.00000095096482
0.00000118959877
0.00077987179348
0.00143054979112
0.00197463920662
0.00242925411797
0.00280862757352
0.00312484069665
0.00338818824405
0.00360740420116
0.00360747403021
0.00360728794979
0.00360686411876
0.00360623261755
0.00360543480384
0.00360452191080
0.00360355260796
0.00360258940837
0.00360169405364
0.00360079529123
0.00360023141178
0.00359991077956
0.00329675963117
0.00299397613878
0.00269169202100
0.00239000379270
0.00208896934634
0.00178860729127
0.00148889863742
0.00118979028153
0.00089119974198
0.00059302066200
0.00029512871953
-0.00000261228983
-0.00030034431986
-0.00059820893561
-0.00089634117588
-0.00119486342520
-0.00149387934891
-0.00179346802977
-0.00209367856278
-0.00239452549949
-0.00269598565626
-0.00299799687105
-0.00330045926602
-0.00360323941347
-0.00360354297402
-0.00360404337769
-0.00360481006376
-0.00360555545526
-0.00360634394415
-0.00360712569924
-0.00360785103861
-0.00360847412517
-0.00360895563985
-0.00360926438989
-0.00360937803615
-0.00360928325458
-0.00338967150624
-0.00312592694037
-0.00280934244712
-0.00242965307498
-0.00197480351477
-0.00143057497622
-0.00077985057862
-0.00000118949191
-0.00000089129453
-0.00000059379374
-0.00000029677410
0.00000000000000
0.00000000000000
0.00000023772691
0.00000047561118
0.00000071380690
0.00000095246155
0.00000119171233
0.00078230901447
0.00143577571555
0.00198311613839
0.00244123269480
0.00282409335999
0.00314357348893
0.00340984817004
0.00363160548721
0.00363169967340
0.00363158008844
0.00363125957914
0.00363076009540
0.00363011294264
0.00362935837739
0.00362854410699
0.00362772246820
0.00362694637321
0.00362615056927
0.00362563479074
0.00362532579995
0.00332023302281
0.00301546559155
0.00271115400573
0.00240739582046
0.00210425199053
0.00180174574557
0.00149986366430
0.00119855852896
0.00089775352850
0.00059734741885
0.00029722031818
-0.00000276010613
-0.00030273223117
-0.00060283397198
-0.00090319626784
-0.00120393665736
-0.00150515307141
-0.00180691803469
-0.00210927354869
-0.00241222702177
-0.00271574869383
-0.00301977104926
-0.00332419068693
-0.00362887298874
-0.00362915985041
-0.00362959317366
-0.00363021723733
-0.00363079816359
-0.00363139227887
-0.00363196221894
-0.00363247244521
-0.00363289205052
-0.00363319633211
-0.00363336718844
-0.00363339266561
-0.00363326612649
-0.00341108460057
-0.00314439844447
-0.00282455090581
-0.00244139842337
-0.00198308941808
-0.00143566530064
-0.00078221609010
-0.00000119150718
-0.00000089258644
-0.00000059455049
-0.00000029712114
0.00000000000000
0.00000000000000
0.00000023791005
0.00000047601220
0.00000071449543
0.00000095354230
0.00000119332533
0.00078451060457
0.00144065421092
0.00199125831032
0.00245297877469
0.00283947561807
0.00316238244509
0.00343173103951
0.00365615190213
0.00365626643169
0.00365620082656
0.00365596202587
0.00365556335936
0.00365502626895
0.00365438141224
0.00365366837234
0.00365293352745
0.00365222610889
0.00365148596090
0.00365099461322
0.00365069077511
0.00334348400200
0.00303658798910
0.00273013848172
0.00242423772990
0.00211895078507
0.00181430427831
0.00151028733343
0.00120685424235
0.00090392854131
0.00060140815620
0.00029917132700
-0.00000291693298
-0.00030499804377
-0.00060721289800
-0.00090969488217
-0.00121256303179
-0.00151591549607
-0.00181982353118
-0.00212432629963
-0.00242942682202
-0.00273508949659
-0.00304123965886
-0.00334776566987
-0.00365452395391
-0.00365479910462
-0.00365518332452
-0.00365570001609
-0.00365615313082
-0.00365659118765
-0.00365698531669
-0.00365731124898
-0.00365755151367
-0.00365769582340
-0.00365773987601
-0.00365768317905
-0.00365752669045
-0.00343265491082
-0.00316288690397
-0.00283962734653
-0.00245287575282
-0.00199101765767
-0.00144039553642
-0.00078434059657
-0.00000119301682
-0.00000089348184
-0.00000059503492
-0.00000029732967
0.00000000000000
0.00000000000000
0.00000023795657
0.00000047614236
0.00000071478371
0.00000095410100
0.00000119430512
0.00078639258433
0.00144504288236
0.00199889360681
0.00246431784013
0.00285461959398
0.00318114756833
0.00345375913300
0.00368100920972
0.00368114233936
0.00368112447752
0.00368095484483
0.00368063600508
0.00368017805133
0.00367960211634
0.00367894181196
0.00367824176590
0.00367755321827
0.00367682092532
0.00367632971222
0.00367602432517
0.00336652273271
0.00305734600661
0.00274864173312
0.00244052057906
0.00213305283897
0.00182626749332
0.00152015335200
0.00121466192651
0.00090971172227
0.00060519366858
0.00030097742261
-0.00000308169547
-0.00030713535485
-0.00061133465089
-0.00091582251087
-0.00122072625379
-0.00152615050603
-0.00183217070386
-0.00213882745490
-0.00244612208207
-0.00275401374283
-0.00306241860802
-0.00337121168857
-0.00368023195530
-0.00368050019754
-0.00368085235365
-0.00368129391135
-0.00368165077648
-0.00368196298973
-0.00368220609902
-0.00368236481725
-0.00368243487737
-0.00368242194727
-0.00368233813122
-0.00368219716654
-0.00368200967631
-0.00345428762693
-0.00318126037257
-0.00285441033418
-0.00246390805293
-0.00199841606928
-0.00144462408520
-0.00078614075297
-0.00000119388916
-0.00000089388203
-0.00000059518136
-0.00000029736693
0.00000000000000
-0.00000000000000
0.00000023783777
0.00000047594408
0.00000071458500
0.00000095402141
0.00000119450571
0.00078785995930
0.00144877925329
0.00200582388917
0.00247504756591
0.00286934534699
0.00319973035706
0.00347584595982
0.00370614558875
0.00370629875301
0.00370633102618
0.00370622995149
0.00370598232256
0.00370558263772
0.00370504064088
0.00370438544656
0.00370366478022
0.00370293924727
0.00370215939176
0.00370163961772
0.00370132472050
0.00338932886593
0.00307770487067
0.00276661871864
0.00245619293372
0.00214650390562
0.00183758166951
0.00152941163776
0.00122193798071
0.00091506842735
0.00060868025675
0.00030262723672
-0.00000325273671
-0.00030912953392
-0.00061517243744
-0.00092154174257
-0.00122838051502
-0.00153580671863
-0.00184390594625
-0.00215272501060
-0.00246226668142
-0.00277248590992
-0.00308328800921
-0.00339452949686
-0.00370602262437
-0.00370628959605
-0.00370662938385
-0.00370703143152
-0.00370732408202
-0.00370753688328
-0.00370764472596
-0.00370763933741
-0.00370753106022
-0.00370734566235
-0.00370711724388
-0.00370687924538
-0.00370665589037
-0.00347587556365
-0.00319936738536
-0.00286871396508
-0.00247429182615
-0.00200508759362
-0.00144818994398
-0.00078752248702
-0.00000119397947
-0.00000089367910
-0.00000059491826
-0.00000029719727
0.00000000000000
0.00000000000000
0.00000023752264
0.00000047535510
0.00000071380530
0.00000095317710
0.00000119376750
0.00078880543093
0.00145167750991
0.00201181936608
0.00248492988770
0.00288343791462
0.00321796307039
0.00349788638871
0.00373152454264
0.00373170423181
0.00373180260260
0.00373178768890
0.00373162044642
0.00373127081547
0.00373073220054
0.00373002996883
0.00372922145993
0.00372838745461
0.00372748688722
0.00372690008205
0.00372656496740
0.00341184583403
0.00309758661164
0.00278397756594
0.00247115564650
0.00215920343839
0.00184815013422
0.00153797411826
0.00122860707640
0.00091993954655
0.00061182773614
0.00030410136315
-0.00000342774856
-0.00031095657733
-0.00061868154599
-0.00092678910724
-0.00123544647541
-0.00154479271919
-0.00185493044813
-0.00216591833487
-0.00247776470623
-0.00279042242859
-0.00310378539282
-0.00341768728477
-0.00373190407668
-0.00373217785563
-0.00373253322140
-0.00373294449751
-0.00373321350859
-0.00373335521471
-0.00373333642513
-0.00373315396920
-0.00373283665073
-0.00373243866490
-0.00373202655891
-0.00373166332639
-0.00373139371102
-0.00349728955059
-0.00321702746980
-0.00288231934026
-0.00248378998958
-0.00201080500913
-0.00145090955680
-0.00078837972827
-0.00000119312964
-0.00000089275584
-0.00000059416827
-0.00000029678227
-0.00000000000000
-0.00000000000000
0.00000023697809
0.00000047430880
0.00000071234364
0.00000095143166
0.00000119191733
0.00078910819078
0.00145352503648
0.00201661219982
0.00249368167156
0.00289663513099
0.00323563421006
0.00351974181946
0.00375709299311
0.00375731442981
0.00375751819376
0.00375763773584
0.00375758897338
0.00375730005490
0.00375673803680
0.00375592450343
0.00375493636543
0.00375389193306
0.00375276414242
0.00375205386226
0.00375168281189
0.00343397064009
0.00311686060029
0.00280057100725
0.00248525404139
0.00217099741882
0.00185782675306
0.00154570899392
0.00123455734435
0.00092423776177
0.00061457688405
0.00030537107647
-0.00000360373476
-0.00031258173796
-0.00062179665664
-0.00093147110718
-0.00124180607612
-0.00155297072325
-0.00186509275312
-0.00217824960989
-0.00249246069586
-0.00280768067275
-0.00312379374154
-0.00344060891423
-0.00375785782957
-0.00375815170038
-0.00375856852505
-0.00375906734738
-0.00375937501000
-0.00375948443784
-0.00375934245073
-0.00375894889253
-0.00375835889854
-0.00375767053302
-0.00375700138677
-0.00375646103547
-0.00375612628300
-0.00351836532432
-0.00323401924723
-0.00289496438192
-0.00249212353266
-0.00201530487253
-0.00145257341551
-0.00078859320124
-0.00000119116821
-0.00000089098603
-0.00000059284847
-0.00000029608086
0.00000000000000
-0.00000000000000
0.00000023616912
0.00000047273459
0.00000071009274
0.00000094863946
0.00000118876913
0.00078863294349
0.00145407889007
0.00201988938454
0.00250096401656
0.00290861317268
0.00325246937298
0.00354121746817
0.00378275978692
0.00378305423883
0.00378344481481
0.00378380186738
0.00378395973129
0.00378377334791
0.00378316503524
0.00378215181282
0.00378084672982
0.00377943490425
0.00377791495304
0.00377699403111
0.00377656303217
0.00345553807434
0.00313533028628
0.00281618485166
0.00249826748968
0.00218166880033
0.00186640729485
0.00155243320755
0.00123963414531
0.00092784277050
0.00061684621055
0.00030639669933
-0.00000377702323
-0.00031395790415
-0.00062442858056
-0.00093545932365
-0.00124729604202
-0.00156014852200
-0.00187417917953
-0.00218949266670
-0.00250612661705
-0.00282404351246
-0.00314312302248
-0.00346315331768
-0.00378381950458
-0.00378415727706
-0.00378471700724
-0.00378544087182
-0.00378589391324
-0.00378603447388
-0.00378576969461
-0.00378509995640
-0.00378412166858
-0.00378300445551
-0.00378195018751
-0.00378114344109
-0.00378071159882
-0.00353888586783
-0.00325006613603
-0.00290633201937
-0.00249896180842
-0.00201828062277
-0.00145294253403
-0.00078802942309
-0.00000118791106
-0.00000088823516
-0.00000059087096
-0.00000029504965
0.00000000000000
-0.00000000000000
0.00000023505924
0.00000047055877
0.00000070694012
0.00000094464696
0.00000118412539
0.00078722936263
0.00145306244877
0.00202128493480
0.00250637023103
0.00291897042296
0.00326810824748
0.00356202783388
0.00380835612990
0.00380878393780
0.00380952300115
0.00381032022245
0.00381086255723
0.00381087297126
0.00381020027395
0.00380885549552
0.00380701365684
0.00380498031159
0.00380280312316
0.00380153623872
0.00380100792888
0.00347629980953
0.00315271711074
0.00283052403977
0.00250989642900
0.00219092531814
0.00187361831982
0.00155790279636
0.00124363218621
0.00093059532828
0.00061852797511
0.00030712558151
-0.00000394334316
-0.00031502372565
-0.00062646039810
-0.00093858452402
-0.00125169994733
-0.00156606955987
-0.00188190201152
-0.00219933932170
-0.00251844602602
-0.00283920015860
-0.00316148528862
-0.00348508050986
-0.00380964123288
-0.00381006587567
-0.00381092053399
-0.00381212043607
-0.00381291036140
-0.00381319288736
-0.00381280508722
-0.00381174558374
-0.00381017581491
-0.00380838980594
-0.00380673169462
-0.00380551224529
-0.00380493136014
-0.00355855978505
-0.00326482053599
-0.00291603688123
-0.00250391121335
-0.00201937479120
-0.00145174500811
-0.00078654010695
-0.00000118316272
-0.00000088436164
-0.00000058814379
-0.00000029364339
-0.00000000000000
-0.00000000000000
0.00000023361103
0.00000046770550
0.00000070276961
0.00000093929476
0.00000117777950
0.00078473225597
0.00145016260409
0.00202037142279
0.00250941231266
0.00292721066903
0.00328208132178
0.00358175481833
0.00383355279477
0.00383424106495
0.00383563412252
0.00383727484403
0.00383853023725
0.00383891981075
0.00383817095879
0.00383628710135
0.00383354892996
0.00383045152548
0.00382718907746
0.00382537201072
0.00382470023006
0.00349590304401
0.00316864429702
0.00284319717597
0.00251974666737
0.00219838408195
0.00187910297974
0.00156180067791
0.00124628573682
0.00093229002435
0.00061948344742
0.00030748970486
-0.00000409797692
-0.00031570152521
-0.00062774303194
-0.00094062974916
-0.00125473871613
-0.00157040090339
-0.00188788521344
-0.00220738325308
-0.00252899627304
-0.00285272567646
-0.00317846743288
-0.00350600769047
-0.00383500953318
-0.00383561270888
-0.00383704387673
-0.00383919871900
-0.00384066610600
-0.00384128328194
-0.00384077561453
-0.00383913346160
-0.00383662659808
-0.00383373772022
-0.00383111356362
-0.00382925045970
-0.00382845283397
-0.00357700018284
-0.00327784847628
-0.00292361043153
-0.00250650172022
-0.00201817026513
-0.00144867301820
-0.00078396224673
-0.00000117671877
-0.00000087921870
-0.00000058457221
-0.00000029181563
0.00000000000000
-0.00000000000000
0.00000023178682
0.00000046409832
0.00000069746359
0.00000093242047
0.00000116951936
0.00078096279287
0.00144502809163
0.00201665094937
0.00250950522336
0.00293272602191
0.00329379294838
0.00359981577126
0.00385777429907
0.00385886039898
0.00386158616804
0.00386479808935
0.00386746585159
0.00386842857084
0.00386759983176
0.00386497427449
0.00386062763460
0.00385570964410
0.00385057770632
0.00384803500656
0.00384717896243
0.00351387906088
0.00318262420483
0.00285369985191
0.00252730987680
0.00220355158325
0.00188240265776
0.00156372127097
0.00124725676608
0.00093266686767
0.00061953757582
0.00030740303130
-0.00000423598680
-0.00031589511550
-0.00062809043142
-0.00094132249404
-0.00125605945942
-0.00157271867952
-0.00189164696171
-0.00221310079226
-0.00253722913844
-0.00286406240922
-0.00319351102975
-0.00352537476006
-0.00385935837346
-0.00386022304311
-0.00386282370651
-0.00386683674850
-0.00386965902987
-0.00387082298301
-0.00387020383767
-0.00386778830660
-0.00386364358662
-0.00385891200762
-0.00385460805769
-0.00385187844062
-0.00385080323394
-0.00359371369806
-0.00328861680206
-0.00292848356419
-0.00250617020049
-0.00201418064093
-0.00144338087076
-0.00078011923962
-0.00000116836925
-0.00000087265704
-0.00000058006048
-0.00000028951962
0.00000000000000
-0.00000000000000
0.00000022954963
0.00000045966190
0.00000069090572
0.00000092386247
0.00000115913215
0.00077573120823
0.00143726990051
0.00200954588480
0.00250594729222
0.00293477763127
0.00330251512816
0.00361547208023
0.00388018437942
0.00388173484417
0.00388599058762
0.00389419878305
0.00389848184966
0.00390010385421
0.00389920069267
0.00389575848666
0.00388961142546
0.00387945977023
0.00387224398465
0.00386891201413
0.00386786324547
0.00352965245442
0.00319405064524
0.00286139440127
0.00253193698449
0.00220579634516
0.00188293274417
0.00156315130861
0.00124612110280
0.00093140214884
0.00061847355894
0.00030675890045
-0.00000435250342
-0.00031548780198
-0.00062727483857
-0.00094032642681
-0.00125522275249
-0.00157249039398
-0.00189257748103
-0.00221582637833
-0.00254244790654
-0.00287250412194
-0.00320590846040
-0.00354245206023
-0.00388186220953
-0.00388303496561
-0.00388681319795
-0.00389623019666
-0.00390071502971
-0.00390251922647
-0.00390180379998
-0.00389854900698
-0.00389258362436
-0.00388260245808
-0.00387643213089
-0.00387275889711
-0.00387139255184
-0.00360810913541
-0.00329648248930
-0.00292996352603
-0.00250223872794
-0.00200684002246
-0.00143548503860
-0.00077482346699
-0.00000115790341
-0.00000086452828
-0.00000057451410
-0.00000028670939
-0.00000000000000
0.00000000000000
0.00000022667246
0.00000045394279
0.00000068241710
0.00000091271816
0.00000114549397
0.00076832917196
0.00142564302970
0.00199750302293
0.00249718727002
0.00293213827134
0.00330754776584
0.00362856544759
0.00390101484513
0.00390294817675
0.00390848724260
0.00391814262305
0.00392378014354
0.00392594975197
0.00392498338045
0.00392086041574
0.00391320408966
0.00390140609831
0.00389244490364
0.00388845319931
0.00388723863326
0.00354329924405
0.00320258575203
0.00286559435028
0.00253269661637
0.00220405745276
0.00187961078945
0.00155907647657
0.00124200066631
0.00092780201906
0.00061581329238
0.00030531368537
-0.00000444796902
-0.00031423673021
-0.00062481855928
-0.00093694741025
-0.00125134901804
-0.00156869820248
-0.00188958736669
-0.00221448630441
-0.00254369831608
-0.00287732372148
-0.00321524956676
-0.00355718522366
-0.00390276428266
-0.00390418990564
-0.00390910185503
-0.00392025032306
-0.00392604231184
-0.00392838109667
-0.00392758566006
-0.00392363325173
-0.00391614302410
-0.00390450484664
-0.00389677098844
-0.00389231069838
-0.00389069547786
-0.00362015094881
-0.00330080106307
-0.00292684445349
-0.00249316195786
-0.00199459529426
-0.00142373911369
-0.00076736550886
-0.00000114419542
-0.00000085398408
-0.00000056736574
-0.00000028310077
0.00000000000000
-0.00000000000000
0.00000022315676
0.00000044694001
0.00000067198647
0.00000089895354
0.00000112853046
0.00075854795740
0.00140958039551
0.00197943329287
0.00248161196883
0.00292287732464
0.00330688317676
0.00363709198129
0.00391814594082
0.00392024872161
0.00392617809169
0.00393634737035
0.00394240099607
0.00394480104428
0.00394379541632
0.00393936105546
0.00393119972263
0.00391878715880
0.00390921958864
0.00390491863604
0.00390362544498
0.00355303768910
0.00320631679792
0.00286432132626
0.00252764951757
0.00219653944424
0.00187086224712
0.00155018671604
0.00123386460596
0.00092111149743
0.00061106674639
0.00030283142701
-0.00000451051968
-0.00031188171489
-0.00062020579343
-0.00093040194541
-0.00124337463358
-0.00155999298979
-0.00188105379784
-0.00220722309416
-0.00253895795768
-0.00287642585143
-0.00321944829516
-0.00356752229335
-0.00391994536257
-0.00392149027547
-0.00392675291550
-0.00393848948321
-0.00394468947455
-0.00394724374412
-0.00394639732940
-0.00394212179643
-0.00393411567829
-0.00392184956110
-0.00391358483547
-0.00390876623299
-0.00390703312390
-0.00362809227094
-0.00329970839185
-0.00291727477042
-0.00247737067652
-0.00197638185307
-0.00140758897306
-0.00075754227202
-0.00000112717728
-0.00000084100210
-0.00000055861346
-0.00000027869655
0.00000000000000
-0.00000000000000
0.00000021892232
0.00000043849067
0.00000065936300
0.00000088222156
0.00000110778633
0.00074597478735
0.00138816094592
0.00195375767181
0.00245700029873
0.00290452390159
0.00329837441255
0.00363958301480
0.00393078999606
0.00393279081688
0.00393848576567
0.00394831678134
0.00395409994959
0.00395631942054
0.00395530381964
0.00395103307364
0.00394313476511
0.00393106847680
0.00392182505668
0.00391769733377
0.00391643939610
0.00355753079008
0.00320327429842
0.00285521348544
0.00251432897325
0.00218090251425
0.00185462924980
0.00153477859591
0.00122038071077
0.00091035863976
0.00060360269883
0.00029900435990
-0.00000453404869
-0.00030810252289
-0.00061279206812
-0.00091970346213
-0.00122995067929
-0.00154465163501
-0.00186489502005
-0.00219166705928
-0.00252572124765
-0.00286739523108
-0.00321645639869
-0.00357200160068
-0.00393261580230
-0.00393408761362
-0.00393913441379
-0.00395047877647
-0.00395639934454
-0.00395876969507
-0.00395790592128
-0.00395378656048
-0.00394603665423
-0.00393411446737
-0.00392612281246
-0.00392149957266
-0.00391981978229
-0.00363058234799
-0.00329112164833
-0.00289881925717
-0.00245266441140
-0.00195063233469
-0.00138611962410
-0.00074494353400
-0.00000110639651
-0.00000082526232
-0.00000054805253
-0.00000027339683
-0.00000000000000
-0.00000000000000
0.00000021389063
0.00000042843517
0.00000064430060
0.00000086218100
0.00000108281247
0.00073018926087
0.00136039941704
0.00191863010564
0.00242040513561
0.00287343437250
0.00327880492955
0.00363423028008
0.00393883821426
0.00394046658019
0.00394492308466
0.00395346901036
0.00395791821483
0.00395955572338
0.00395855780048
0.00395491260586
0.00394841788127
0.00393775552307
0.00393013894170
0.00392662093782
0.00392550716816
0.00355495030818
0.00319034216766
0.00283454965305
0.00248895901058
0.00215376145845
0.00182810494252
0.00151064574509
0.00119989386582
0.00089437316550
0.00059267704397
0.00029347329666
-0.00000451370694
-0.00030253014724
-0.00060182309940
-0.00090367092844
-0.00120941056419
-0.00152045557085
-0.00183829161911
-0.00216442116701
-0.00250020359559
-0.00284650990025
-0.00320317132664
-0.00356883196162
-0.00394067075050
-0.00394189219637
-0.00394583157908
-0.00395560733597
-0.00396022621982
-0.00396201060173
-0.00396116069421
-0.00395766317419
-0.00395131360061
-0.00394079212553
-0.00393424552889
-0.00393034679049
-0.00392888111736
-0.00362577729130
-0.00327181522447
-0.00286783984362
-0.00241610521800
-0.00191550786081
-0.00135835011806
-0.00072915085824
-0.00000108140643
-0.00000080645006
-0.00000053548207
-0.00000026710369
0.00000000000000
-0.00000000000000
0.00000020798899
0.00000041662564
0.00000062657150
0.00000083851553
0.00000105319256
0.00071079347622
0.00132532132045
0.00187204691072
0.00236809333218
0.00282387191237
0.00324259627915
0.00361797207612
0.00394295141879
0.00394407798974
0.00394668100468
0.00394955136868
0.00395202863452
0.00395286832955
0.00395190596511
0.00394914138054
0.00394473887291
0.00393994242780
0.00393471053725
0.00393203827951
0.00393108824857
0.00354189550408
0.00316203123567
0.00279572998072
0.00244554860258
0.00211030159429
0.00178763915350
0.00147511228927
0.00117049980666
0.00087185899774
0.00057748627584
0.00028585519310
-0.00000444643929
-0.00029477547057
-0.00058648944715
-0.00088100267052
-0.00117984517223
-0.00148472565387
-0.00179759345514
-0.00212067763047
-0.00245643519752
-0.00280722109945
-0.00317421519961
-0.00355482653291
-0.00394475912036
-0.00394566699154
-0.00394815742632
-0.00395175401371
-0.00395434193798
-0.00395532495397
-0.00395450993894
-0.00395189310302
-0.00394763596338
-0.00394297853906
-0.00393856815969
-0.00393568223792
-0.00393448867347
-0.00361041184775
-0.00323612580540
-0.00281857581942
-0.00236395634015
-0.00186900621872
-0.00132330788266
-0.00070976746367
-0.00000105179231
-0.00000078427344
-0.00000052071595
-0.00000025972638
0.00000000000000
0.00000000000000
0.00000020096186
0.00000040254786
0.00000060539659
0.00000081017605
0.00000101758689
0.00068677893249
0.00128081836699
0.00181032863488
0.00229366747172
0.00274492076282
0.00317442868017
0.00358365673144
0.00394440102410
0.00394503351659
0.00394637592939
0.00394783599864
0.00394884541336
0.00394902631059
0.00394810172596
0.00394608324560
0.00394327434976
0.00394008945990
0.00393663807066
0.00393456860602
0.00393390736413
0.00351151507984
0.00310210286550
0.00272397447747
0.00237274998089
0.00204220332101
0.00172719371744
0.00142380988227
0.00112907596868
0.00084066392702
0.00055667758771
0.00027549832754
-0.00000432769031
-0.00028417774994
-0.00056542958329
-0.00084953837019
-0.00113812496377
-0.00143308861173
-0.00173676116507
-0.00205212264943
-0.00238308798958
-0.00273479853266
-0.00311347019920
-0.00352343526640
-0.00394617869822
-0.00394668625690
-0.00394807782419
-0.00394998700456
-0.00395115006657
-0.00395147958238
-0.00395070644749
-0.00394883988726
-0.00394618172368
-0.00394314416864
-0.00394033576711
-0.00393820193956
-0.00393733792120
-0.00357705136239
-0.00316864493299
-0.00274008524483
-0.00228981434662
-0.00180744833870
-0.00127888635507
-0.00068578602818
-0.00000101621744
-0.00000075775328
-0.00000050310898
-0.00000025094561
0.00000000000000
-0.00000000000000
0.00000019125741
0.00000038308605
0.00000057607012
0.00000077082412
0.00000096802702
0.00065246809250
0.00121584939757
0.00171662484742
0.00217270840684
0.00260013357263
0.00301755881725
0.00345126994786
0.00394317587629
0.00394465991400
0.00394580301877
0.00394677391744
0.00394735447491
0.00394726386768
0.00394635970201
0.00394466007923
0.00394234932352
0.00393977050003
0.00393683194226
0.00393476414656
0.00393305172879
0.00337641538124
0.00294129312539
0.00256900604072
0.00223348421315
0.00192138186927
0.00162513325734
0.00134005304306
0.00106299500644
0.00079168112470
0.00052434156000
0.00025950681411
-0.00000412325711
-0.00026777217763
-0.00053266361103
-0.00080009810471
-0.00107154577812
-0.00134877724178
-0.00163407139244
-0.00193057551564
-0.00224297680713
-0.00257884588814
-0.00295154349078
-0.00338718701357
-0.00394461456677
-0.00394614034688
-0.00394750668778
-0.00394889301945
-0.00394963648489
-0.00394970821017
-0.00394896453543
-0.00394742536228
-0.00394527554503
-0.00394286057522
-0.00394052747194
-0.00393857773563
-0.00393681965334
-0.00344574238654
-0.00301272065616
-0.00259599203702
-0.00216931309889
-0.00171402080797
-0.00121406716027
-0.00065153975777
-0.00000096672110
-0.00000072096969
-0.00000047876104
-0.00000023882322
0.00000000000000
-0.00000000000000
0.00000016009165
0.00000032053018
0.00000048165774
0.00000064380226
0.00000080725412
0.00053843827985
0.00099559637109
0.00138787677110
0.00172322641892
0.00200356771851
0.00222486920761
0.00237676972709
0.00244185388941
0.00256407943480
0.00264786339607
0.00270310252953
0.00273602662038
0.00275031209642
0.00274773345759
0.00272850152129
0.00269132052125
0.00263317713481
0.00252949140020
0.00240439566949
0.00226337960933
0.00217543373041
0.00202452838712
0.00184353392866
0.00164782218292
0.00144502544324
0.00123902695668
0.00103180126792
0.00082431783317
0.00061700386381
0.00040998955822
0.00020324254458
-0.00000335477029
-0.00020995643033
-0.00041671605976
-0.00062374995285
-0.00083108817910
-0.00103859700806
-0.00124584409851
-0.00145185266873
-0.00165463761867
-0.00185029992801
-0.00203118197823
-0.00218186627349
-0.00226938458100
-0.00241008672781
-0.00253469816129
-0.00263766065361
-0.00269509036574
-0.00273149913823
-0.00274992581408
-0.00275170104717
-0.00273664933603
-0.00270302117753
-0.00264717876097
-0.00256290479657
-0.00244031658335
-0.00237482506140
-0.00222273884342
-0.00200143212586
-0.00172124802450
-0.00138620454338
-0.00099436343045
-0.00053776316557
-0.00000080624700
-0.00000060240239
-0.00000040048689
-0.00000019990558
0.00000000000000
-0.00000000000000
0.00000011668794
0.00000023343150
0.00000035029748
0.00000046737720
0.00000058480553
0.00038106718541
0.00069448990565
0.00094759834054
0.00114568349678
0.00129470294654
0.00140318721878
0.00148326100394
0.00155065598338
0.00158664993695
0.00161947686896
0.00164489772060
0.00166060685388
0.00166537213825
0.00165855003447
0.00163984381383
0.00160924942850
0.00156717584692
0.00150405013589
0.00144358687713
0.00139160046627
0.00129765912424
0.00120591474207
0.00110872628152
0.00100416387617
0.00089246694080
0.00077463105847
0.00065182392053
0.00052515679415
0.00039561229113
0.00026403999847
0.00013118015422
-0.00000230219715
-0.00013577979871
-0.00026862505773
-0.00040017192137
-0.00052967847033
-0.00065629277308
-0.00077902924963
-0.00089677315229
-0.00100835307123
-0.00111277011508
-0.00120978351969
-0.00130132766074
-0.00139506494935
-0.00144683639205
-0.00150702428609
-0.00156979603807
-0.00161155626139
-0.00164182627077
-0.00166020428462
-0.00166670047046
-0.00166161763548
-0.00164560681753
-0.00161990236581
-0.00158681512515
-0.00155058509376
-0.00148300046014
-0.00140272129402
-0.00129406469206
-0.00114494554233
-0.00094686338729
-0.00069387886919
-0.00038070511535
-0.00000058418170
-0.00000043760545
-0.00000029152432
-0.00000014570551
0.00000000000000
0.00000000000000
0.00000006449924
0.00000012853316
0.00000019163615
0.00000025334484
0.00000031320626
0.00019780700140
0.00035600491251
0.00047844086031
0.00057042785745
0.00063804273507
0.00068691579830
0.00072109540899
0.00074241568433
0.00076144764007
0.00077487405858
0.00078341873151
0.00078729951698
0.00078652049199
0.00078102719616
0.00077078156276
0.00075578219140
0.00073603609884
0.00070631415054
0.00067588503682
0.00064582354616
0.00061029725564
0.00056830199357
0.00052212571378
0.00047263952331
0.00042024785673
0.00036523747342
0.00030789918066
0.00024856047544
0.00018758554241
0.00012536580611
0.00006230997025
-0.00000116371980
-0.00006463289800
-0.00012767516032
-0.00018987215646
-0.00025081503804
-0.00031011224088
-0.00036739950590
-0.00042234939471
-0.00047467134646
-0.00052407902220
-0.00057016835314
-0.00061206769350
-0.00064748487537
-0.00067745686926
-0.00070777179130
-0.00073734946461
-0.00075696962987
-0.00077184132413
-0.00078195884370
-0.00078732525371
-0.00078798029408
-0.00078397966306
-0.00077532148796
-0.00076178919771
-0.00074266098203
-0.00072123945067
-0.00068696057881
-0.00063799202803
-0.00057029573145
-0.00047825812418
-0.00035582111387
-0.00019768506444
-0.00000031296643
-0.00000023788604
-0.00000016010222
-0.00000008050484
0.00000000000000
0.00000000000000
0.00000001861200
0.00000003645309
0.00000005269869
0.00000006641109
0.00000007646741
0.00000016549660
0.00000026310013
0.00000034314578
0.00000040361773
0.00000044732450
0.00000047784794
0.00000049890603
0.00000051453661
0.00000052376576
0.00000053104106
0.00000053561712
0.00000053717596
0.00000053559218
0.00000053081917
0.00000052283907
0.00000051165036
0.00000049728647
0.00000047632053
0.00000045606639
0.00000043796493
0.00000041053251
0.00000038206178
0.00000035138374
0.00000031835634
0.00000028316542
0.00000024608255
0.00000020738845
0.00000016735600
0.00000012625185
0.00000008434131
0.00000004189171
-0.00000000082666
-0.00000004354157
-0.00000008598080
-0.00000012787417
-0.00000016895447
-0.00000020895658
-0.00000024761404
-0.00000028465420
-0.00000031979651
-0.00000035276961
-0.00000038338796
-0.00000041179464
-0.00000043916230
-0.00000045720425
-0.00000047738531
-0.00000049826124
-0.00000051254798
-0.00000052365869
-0.00000053156083
-0.00000053625665
-0.00000053776470
-0.00000053613249
-0.00000053148561
-0.00000052414266
-0.00000051484894
-0.00000049915721
-0.00000047802951
-0.00000044743490
-0.00000040366176
-0.00000034313633
-0.00000026306086
-0.00000016546185
-0.00000007647379
-0.00000006328908
-0.00000004483968
-0.00000002318029
0.00000000000000
-0.00000000000000
-0.00000000000000
-0.00000000000000
-0.00000000000000
-0.00000000000000
-0.00000000000000
-0.00000000000000
0.00000000000000
0.00000000000000
0.00000000000000
0.00000000000000
0.00000000000000
0.00000000000000
0.00000000000000
0.00000000000000
0.00000000000000
0.00000000000000
0.00000000000000
0.00000000000000
0.00000000000000
0.00000000000000
-0.00000000000000
-0.00000000000000
-0.00000000000000
-0.00000000000000
-0.00000000000000
0.00000000000000
-0.00000000000000
-0.00000000000000
0.00000000000000
0.00000000000000
0.00000000000000
-0.00000000000000
-0.00000000000000
-0.00000000000000
-0.00000000000000
-0.00000000000000
0.00000000000000
-0.00000000000000
-0.00000000000000
-0.00000000000000
-0.00000000000000
0.00000000000000
-0.00000000000000
-0.00000000000000
-0.00000000000000
-0.00000000000000
-0.00000000000000
0.00000000000000
0.00000000000000
-0.00000000000000
-0.00000000000000
-0.00000000000000
0.00000000000000
0.00000000000000
0.00000000000000
0.00000000000000
0.00000000000000
0.00000000000000
-0.00000000000000
0.00000000000000
-0.00000000000000
-0.00000000000000
0.00000000000000
0.00000000000000
0.00000000000000
0.00000000000000
0.00000000000000
0.00000000000000
0.00000000000000
-0.00000000000000
-0.00000000000000
-0.00000000000000
-0.00000000000000


X= 2.330e-02  Y= 1.800e-03  Bx= 5.3972e-02	By= 5.1294e-02	Az =  3.174780e-03	||B||= 7.4459e-02
X= 2.510e-02  Y= 4.000e-04  Bx= 6.4428e-02	By= 2.7989e-01	Az =  2.858990e-03	||B||= 2.8721e-01
X= 3.200e-02  Y= 5.000e-04  Bx= 1.2246e-05	By= 2.8970e-01	Az =  8.678359e-04	||B||= 2.8970e-01
X= 3.990e-02  Y= 4.000e-04  Bx= -2.1717e-05	By= 2.8964e-01	Az =  -1.420833e-03	||B||= 2.8964e-01
X= 4.420e-02  Y= 3.000e-04  Bx= 6.0788e-04	By= 2.7060e-01	Az =  -2.665758e-03	||B||= 2.7060e-01
X= 4.650e-02  Y= 1.300e-03  Bx= -5.0787e-02	By= 8.2820e-02	Az =  -3.141517e-03	||B||= 9.7151e-02
